10132124
31447217
101201077
34507039
22790910
72714461
35262428
64583600
75946257
30525991
78010363
17720747
80741828
36458063
83289866
10805153
35098357
57916305
56894757
58139997
64756282
71074418
84523092
83301414
21522601
55072170
94553671
95245544
59851535
21744288
19673561
70226289
9603252
36304921
1527418
2602411
42883273
49417509
56369281
83546647
45935145
78574395
38568567
50684552
67775894
73860462
17511156
17733394
35322812
9848939
6979239
44928016
84899094
95793022
90173539
57282724
42388271
83477829
57288708
27918365
40441990
46647144
55787576
93920420
12989604
59778096
93236220
73192600
36197902
61654098
87571563
35183584
67831115
2930675
21254443
14604710
89320376
35546670
58374719
99674361
31706048
46647145
16329071
62530723
62279666
97648103
68191756
27705190
25163979
98935722
85763457
44553392
29146185
42172465
15079028
12253117
45112597
88650530
43140791
15658249
28506708
51043243
88438982
73216412
14936691
58760121
85754829
11159464
57543573
84932271
10026986
44811425
71315423
7700132
28465301
54860010
81254059
17649753
3204467
30299166
43140792
76683171
2088870
35638627
11722335
47111934
74506079
69750536
52098461
28139785
17238333
6480253
58996430
86395581
37744402
30674956
62651957
66393507
92781606
39998992
90508760
23115241
53100061
50604950
96099959
23093604
63612442
80108118
26993374
83810690
5852388
71692913
17086528
76515293
40736921
58004362
63813056
19324993
1948619
31213049
5998840
31383545
42737833
51808422
78422252
42024143
77330185
52352005
2203790
87292536
2111707
72502414
60622305
86062400
19272658
44487250
30600344
11705261
95471006
71541986
57836546
58628539
78610936
85839825
72355441
21723081
14602126
32999573
26708437
74728028
2371506
43138260
10275411
31554054
66604523
32764863
8339504
7850740
11228035
4545854
32086564
13032689
11109820
96457619
99064191
57319935
91998119
86559484
99724761
65622692
29380133
13298352
10315429
10852583
94215860
90583279
70345785
76862289
4632019
76704943
82841979
59197169
24181936
51474037
67249508
30398342
17183908
43577607
77783947
71280811
77714963
41061625
3078576
43202238
65303664
90247311
16366810
13839120
4542651
64749612
53090623
3486020
65938950
40516623
27750191
51534754
57511992
17115745
27918963
79861914
85970321
65247798
92246806
28630501
23740893
49249907
39853199
61884774
69838592
58981727
65025250
91420254
25244515
54880296
54903668
10612222
32056070
10312660
33393090
81332143
78371393
4779091
31764700
3361010
72700231
2645637
66870733
36114945
25119460
64500000
62499965
87602890
51945556
40460013
30090452
97466438
29951323
28929131
64230128
10598400
35561352
85216896
5255013
74580251
96073342
29432356
58990362
84388461
20773176
21495657
74854609
97946536
22858242
83319610
61011311
91422370
29999161
76133574
81756897
69123138
12171659
60162470
17521642
93816465
83133491
93014827
30562585
85446833
17739335
64382839
31712840
95664204
62623659
4017398
95856586
24311372
675319
35998832
16268841
31525442
79852326
43642620
17259470
300104001
38363525
65357623
19942835
47693640
31339260
4064256
81616639
14575467
27971137
88472456
86100785
46060017
74393852
85115440
4367330
41375811
73881652
48905153
98918572
14970113
20155904
4145852
78872731
77150143
11510448
31755044
95911373
36099130
68258355
4647954
32281491
31123642
51865604
57036718
31563350
97896503
23720856
43256007
7459013
67547370
40941889
2896663
29353756
60992364
45082499
32164201
87008374
2648201
95886782
81471108
18865703
76080032
